[banner.jpg]
filters=crop64=1,4555ffffc7ad;crop64=1,9262fcffffc0da;Sixties=1,20.000000,00ffffff,0;Lomo=1,91.228065,91.812866;Orton=1,25.000000,50.000000,0.000000;IR=1,37.426903;
crop=rect64(9262fcffffc0da)
moddate=13f0422bf3ebd201
width=1800
height=1200
textactive=0
[banner.1.jpg]
filters=IR=1,36.842106;HDR=1,10.504678,2.192982,30.409357;
moddate=3e780f5df3ebd201
width=1796
height=440
textactive=0
